11111111111111111111111111111111111111111111111111111111111111111111111111111111111111111111111111111111111111111111111111111111111111111111111111111111111111111111111111111111111111111111111111111111111111111111111111111111111111111111111111111111111111111111111111111111111
11111111111111111111111111111111111111111111111111111111111111111111111111111111111111111111111111111111111111111111111111111111111111111111111111111111111111111111111111111111111111111111111111111111111111111111111111111111111111111111111111111111111111111111111111111111111
11111111111111111111111111111111111111111111111111111111111111111111111111111111111111111111111111111111111111111111111111111111111111111111111111111111111111111111111111111111111111111111111111111111111111111111111111111111111111111111111111111111111111111111111111111111111
11111111111111111111111111111111111111111111111111111111111111111111111111111111111111111111111111111111111111111111111111111111111111111111111111111111111111111111111111111111111111111111111111111111111111111111111111111111111111111111111111111111111111111111111111111111111
11111111111111111111111111111111111111111111111111111111111111111111111111111111111111111111111111111111111111111111111111111111111111111111111111111111111111111111111111111111111111111111111111111111111111111111111111111111111111111111111111111111111111111111111111111111111
11111111111111111111111111111111111111111111111111111111111111111111111111111111111111111111111111111111111111111111111111111111111111111111111111111111111111111111111111111111111111111111111111111111111111111111111111111111111111111111111111111111111111111111111111111111111
11111111111111111111111111111111111111111111111111111111111111111111111111111111111111111111111111111111111111111111111111111111111111111111111111111111111111111111111111111111111111111111111111111111111111111111111111111111111111111111111111111111111111111111111111111111111
11111111111111111111111111111111111111111111111111111111111111111111111111111111111111111111111111111111111111111111111111111111111111111111111111111111111111111111111111111111111111111111111111111111111111111111111111111111111111111111111111111111111111111111111111111111111
11111111111111111111111111111111111111111111111111111111111111111111111111111111111111111111111111111111111111111111111111111111111111111111111111111111111111111111111111111111111111111111111111111111111111111111111111111111111111111111111111111111111111111111111111111111111
11111111111111111111111111111111111111111111111111111111111111111111111111111111111111111111111111111111111111111111111111111111111111111111111111111111111111111111111111111111111111111111111111111111111111111111111111111111111111111111111111111111111111111111111111111111111
11111111111111111111111111111111111111111111111111111111111111111111111111111111111111111111111111111111111111111111111111111111111111111111111111111111111111111111111111111111111111111111111111111111111111111111111111111111111111111111111111111111111111111111111111111111111
11111111111111111111111111111111111111111111111111111111111111111111111111111111111111111111111111111111111111111111111111111111111111111111111111111111111111111111111111111111111111111111111111111111111111111111111111111111111111111111111111111111111111111111111111111111111
11111111111111111111111111111111111111111111111111111111111111111111111111111111111111111111111111111111111111111111111111111111111111111111111111111111111111111111111111111111111111111111111111111111111111111111111111111111111111111111111111111111111111111111111111111111111
11111111111111111111111111111111111111111111111111111111111111111111111111111111111111111111111111111111111111111111111111111111111111111111111111111111111111111111111111111111111111111111111111111111111111111111111111111111111111111111111111111111111111111111111111111111111
11111111111111111111111111111111111111111111111111111111111111111111111111111111111111111111111111111111111111111111111111111111111111111111111111111111111111111111111111111111111111111111111111111111111111111111111111111111111111111111111111111111111111111111111111111111111
11111111111111111111111111111111111111111111111111111111111111111111111111111111111111111111111111111111111111111111111111111111111111111111111111111111111111111111111111111111111111111111111111111111111111111111111111111111111111111111111111111111111111111111111111111111111
11111111111111111111111111111111111111111111111111111111111111111111111111111111111111111111111111111111111111111111111111111111111111111111111111111111111111111111111111111111111111111111111111111111111111111111111111111111111111111111111111111111111111111111111111111111111
11111111111111111111111111111111111111111111111111111111111111111111111111111111111111111111111111111111111111111111111111111111111111111111111111111111111111111111111111111111111111111111111111111111111111111111111111111111111111111111111111111111111111111111111111111111111
11111111111111111111111111111111111111111111111111111111111111111111111111111111111111111111111111111111111111111111111111111111111111111111111111111111111111111111111111111111111111111111111111111111111111111111111111111111111111111111111111111111111111111111111111111111111
11111111111111111111111111111111111111111111111111111111111111111111111111111111111111111111111111111111111111111111111111111111111111111111111111111111111111111111111111111111111111111111111111111111111111111111111111111111111111111111111111111111111111111111111111111111111
11111111111111111111111111111111111111111111111111111111111111111111111111111111111111111111111111111111111111111111111111111111111111111111111111111111111111111111111111111111111111111111111111111111111111111111111111111111111111111111111111111111111111111111111111111111111
11111111111111111111111111111111111111111111111111111111111111111111111111111111111111111111111111111111111111111111111111111111111111111111111111111111111111111111111111111111111111111111111111111111111111111111111111111111111111111111111111111111111111111111111111111111111
11111111111111111111111111111111111111111111111111111111111111111111111111111111111111111111111111111111111111111111111111111111111111111111111111111111111111111111111111111111111111111111111111111111111111111111111111111111111111111111111111111111111111111111111111111111111
11111111111111111111111111111111111111111111111111111111111111111111111111111111111111111111111111111111111111111111111111111111111111111111111111111111111111111111111111111111111111111111111111111111111111111111111111111111111111111111111111111111111111111111111111111111111
11111111111111111111111111111111111111111111111111111111111111111111111111111111111111111111111111111111111111111111111111111111111111111111111111111111111111111111111111111111111111111111111111111111111111111111111111111111111111111111111111111111111111111111111111111111111
11111111111111111111111111111111111111111111111111111111111111111111111111111111111111111111111111111111111111111111111111111111111111111111111111111111111111111111111111111111111111111111111111111111111111111111111111111111111111111111111111111111111111111111111111111111111
11111111111111111111111111111111111111111111111111111111111111111111111111111111111111111111111111111111111111111111111111111111111111111111111111111111111111111111111111111111111111111111111111111111111111111111111111111111111111111111111111111111111111111111111111111111111
11111111111111111111111111111111111111111111111111111111111111111111111111111111111111111111111111111111111111111111111111111111111111111111111111111111111111111111111111111111111111111111111111111111111111111111111111111111111111111111111111111111111111111111111111111111111
11111111111111111111111111111111111111111111111111111111111111111111111111111111111111111111111111111111111111111111111111111111111111111111111111111111111111111111111111111111111111111111111111111111111111111111111111111111111111111111111111111111111111111111111111111111111
11111111111111111111111111111111111111111111111111111111111111111111111111111111111111111111111111111111111111111111111111111111111111111111111111111111111111111111111111111111111111111111111111111111111111111111111111111111111111111111111111111111111111111111111111111111111
11111111111111111111111111111111111111111111111111111111111111111111111111111111111111111111111111111111111111111111111111111111111111111111111111111111111111111111111111111111111111111111111111111111111111111111111111111111111111111111111111111111111111111111111111111111111
11111111111111111111111111111111111111111111111111111111111111111111111111111111111111111111111111111111111111111111111111111111111111111111111111111111111111111111111111111111111111111111111111111111111111111111111111111111111111111111111111111111111111111111111111111111111
11111111111111111111111111111111111111111111111111111111111111111111111111111111111111111111111111111111111111111111111111111111111111111111111111111111111111111111111111111111111111111111111111111111111111111111111111111111111111111111111111111111111111111111111111111111111
11111111111111111111111111111111111111111111111111111111111111111111111111111111111111111111111111111111111111111111111111111111111111111111111111111111111111111111111111111111111111111111111111111111111111111111111111111111111111111111111111111111111111111111111111111111111
11111111111111111111111111111111111111111111111111111111111111111111111111111111111111111111111111111111111111111111111111111111111111111111111111111111111111111111111111111111111111111111111111111111111111111111111111111111111111111111111111111111111111111111111111111111111
11111111111111111111111111111111111111111111111111111111111111111111111111111111111111111111111111111111111111111111111111111111111111111111111111111111111111111111111111111111111111111111111111111111111111111111111111111111111111111111111111111111111111111111111111111111111
11111111111111111111111111111111111111111111111111111111111111111111111111111111111111111111111111111111111111111111111111111111111111111111111111111111111111111111111111111111111111111111111111111111111111111111111111111111111111111111111111111111111111111111111111111111111
11111111111111111111111111111111111111111111111111111111111111111111111111111111111111111111111111111111111111111111111111111111111111111111111111111111111111111111111111111111111111111111111111111111111111111111111111111111111111111111111111111111111111111111111111111111111
11111111111111111111111111111111111111111111111111111111111111111111111111111111111111111111111111111111111111111111111111111111111111111111111111111111111111111111111111111111111111111111111111111111111111111111111111111111111111111111111111111111111111111111111111111111111
11111111111111111111111111111111111111111111111111111111111111111111111111111111111111111111111111111111111111111111111111111111111111111111111111111111111111111111111111111111111111111111111111111111111111111111111111111111111111111111111111111111111111111111111111111111111
11111111111111111111111111111111111111111111111111111111111111111111111111111111111111111111111111111111111111111111111111111111111111111111111111111111111111111111111111111111111111111111111111111111111111111111111111111111111111111111111111111111111111111111111111111111111
11111111111111111111111111111111111111111111111111111111111111111111111111111111111111111111111111111111111111111111111111111111111111111111111111111111111111111111111111111111111111111111111111111111111111111111111111111111111111111111111111111111111111111111111111111111111
11111111111111111111111111111111111111111111111111111111111111111111111111111111111111111111111111111111111111111111111111111111111111111111111111111111111111111111111111111111111111111111111111111111111111111111111111111111111111111111111111111111111111111111111111111111111
11111111111111111111111111111111111111111111111111111111111111111111111111111111111111111111111111111111111111111111111111111111111111111111111111111111111111111111111111111111111111111111111111111111111111111111111111111111111111111111111111111111111111111111111111111111111
11111111111111111111111111111111111111111111111111111111111111111111111111111111111111111111111111111111111111111111111111111111111111111111111111111111111111111111111111111111111111111111111111111111111111111111111111111111111111111111111111111111111111111111111111111111111
11111111111111111111111111111111111111111111111111111111111111111111111111111111111111111111111111111111111111111111111111111111111111111111111111111111111111111111111111111111111111111111111111111111111111111111111111111111111111111111111111111111111111111111111111111111111
11111111111111111111111111111111111111111111111111111111111111111111111111111111111111111111111111111111111111111111111111111111111111111111111111111111111111111111111111111111111111111111111111111111111111111111111111111111111111111111111111111111111111111111111111111111111
11111111111111111111111111111111111111111111111111111111111111111111111111111111111111111111111111111111111111111111111111111111111111111111111111111111111111111111111111111111111111111111111111111111111111111111111111111111111111111111111111111111111111111111111111111111111
11111111111111111111111111111111111111111111111111111111111111111111111111111111111111111111111111111111111111111111111111111111111111111111111111111111111111111111111111111111111111111111111111111111111111111111111111111111111111111111111111111111111111111111111111111111111
11111111111111111111111111111111111111111111111111111111111111111111111111111111111111111111111111111111111111111111111111111111111111111111111111111111111111111111111111111111111111111111111111111111111111111111111111111111111111111111111111111111111111111111111111111111111
11111111111111111111111111111111111111111111111111111111111111111111111111111111111111111111111111111111111111111111111111111111111111111111111111111111111111111111111111111111111111111111111111111111111111111111111111111111111111111111111111111111111111111111111111111111111
11111111111111111111111111111111111111111111111111111111111111111111111111111111111111111111111111111111111111111111111111111111111111111111111111111111111111111111111111111111111111111111111111111111111111111111111111111111111111111111111111111111111111111111111111111111111
11111111111111111111111111111111111111111111111111111111111111111111111111111111111111111111111111111111111111111111111111111111111111111111111111111111111111111111111111111111111111111111111111111111111111111111111111111111111111111111111111111111111111111111111111111111111
11111111111111111111111111111111111111111111111100000000000000000000001111111111111111111111111111111111111111111111111111111111111111111100011111111111111111111111111111111111111111111111111111111111111111111111111111111111111111111111111111111111111111111111111101111111111
11111111111111111111111111111111111111111111111100000000000000000000001111111111111111111111111111111111111111111111111111111111111111111100011111111111111111111111111111111111111111111111111111111111111111111111111111111111111111111111111111111111111111111111111111111111111
11111111111111111111111111111111111111111111111100000000000000000000001111111111111111111111111111111111111111111111111111111111111111111100011111111111111111111111111111111111111111111111111111111111111111111111111111111111111111111111111111111111111111111111111111111111111
11111111111111111111111111111111111111111111111100000000000000000000001111111111111111111111111111111111111111111111111111111111111111111100011111111111111111111111111111111111111111111111111111111111111111111111111111111111111111111111111111111111111111111111111111111111111
11111111111111111111111111111111111111111111111100000000000000000000001111111111111111111111111111111111111111111111111111111111111111111100011111111111111111111111111111111111111111111111111111111111111111111111111111111111111111111111111111111111111111111111111111111111111
11111111111111111111111111111111111111111111111100000000000000000000001111111111111111111111111111111111111111111111111111111111111111111100011111111111111111111111111111111111111111111111111111111111111111111111111111111111111111111111111111111111111111111111111111111111111
11111111111111111111111111111111111111111111111100000000000000000000001111111111111111111111111111111111111111111111111111111111111111111100011111111111111111111111111111111111111111111111111111111111111111111111111111111111111111111111111111111111111111111111111111111111111
11111111111111111111111111111111111111111111111100000000000000000000001111111111111111111111111111111111111111111111111111111111111111111100011111111111111111111111111111111111111111111111111111111111111111111111111111111111111111111111111111111111111111111111111111111111111
11111111111111111111111111111111111111111111111100000000000000000000001111111111111111111111111111111111111111111111111111111111111111111100011111111111111111111111111111111111111111111111111111111111111111111111111111111111111111111111111111111111111111111111111111111111111
11111111111111111111111111111111111111111111111100000000000000000000001111111111111111111111111111111111111111111111111111111111111111111100011111111111111111111111111111111111111111111111111111111111111111111111111111111111111111111111111111111111111111111111111111111111111
11111111111111111111111111111111111111111111111100000000000000000000001111111111111111111111111111111111111111111111111111111111111111111100011111111111111111111111111111111111111111111111111111111111111111111111111111111111111111111111111111111111111111111111111111111111111
11111111111111111111111111111111111111111111111100000000000000000000001111111111111111111111111111111111111111111111111111111111111111111100011111111111111111111111111111111111111111111111111111111111111111111111111111111111111111111111111111111111111111111111111111111111111
11111111111111111111111111111111111111111111111100000000000000000000001111111111111111111111111111111111111111111111111111111111111111111100011111111111111111111111111111111111111111111111111111111111111111111111111111111111111111111111111111111111111111111111111111111111111
11111111111111111111111111111111111111111111111100000000000000000000001111111111111111111111111111111111111111111111111111111111111111111100011111111111111111111111111111111111111111111111111111111111111111111111111111111111111111111111111111111111111111111111111111111111111
11111111111111111111111111111111111111111111111100000000000000000000001111111111111111111111111111111111111111111111111111111111111111111100011111111111111111111111111111111111111111111111111111111111111111111111111111111111111111111111111111111111111111111111111111111111111
11111111111111111111111111111111111111111111111100000000000000000000001111111111111111111111111111111111111111111111111111111111111111111100000000000000000000000000000000000000000000000000000000000000000000000000000000000000000000000000000000000000000001111111111111111111111
11111111111111111111111111111111111111111111111100000000000000000000001111111111111111111111111111111111111111111111111111111111111111111100000000000000000000000000000000000000000000000000000000000000000000000000000000000000000000000000000000000000000001111111111111111111111
11111111111111111111111111111111111111111111111100000000000000000000001111111111111111111111111111111111111111111111111111111111111111111100000000000000000000000000000000000000000000000000000000000000000000000000000000000000000000000000000000000000000001111111111111111111111
11111111111111111111111111111111111111111111111100000000000000000000001111111111111111111111111111111111111111111111111111111111111111111100000000000000000000000000000000000000000000000000000000000000000000000000000000000000000000000000000000000000000001111111111111111111111
11111111111111111111111111111111111111111111111100000000000000000000001111111111111111111111111111111111111111111111111111111111111111111100000000000000000000000000000000000000000000000000000000000000000000000000000000000000000000000000000000000000000001111111111111111111111
11111111111111111111111111111111111111111111111100000000000000000000001111111111111111111111111111111111111111111111111111111111111111111100000000000000000000000000000001111111111111111111111111111111111111111111111111111111111111111111111111111110000001111111111111111111111
11111111111111111111111111111111111111111111111100000000000000000000001111111111111111111111111111111111111111111111111111111111111111111100000000000000000000000000000011111111111111111111111111111111111111111111111111111111111111111111111111111111000001111111111111111111111
11111111111111111111111111111111111111111111111100000000000000000000001111111111111111111111111111111111111111111111111111111111111111111100000000000000000000000000000011111111111111111111111111111111111111111111111111111111111111111111111111111111000001111111111111111111111
11111111111111111111111111111111111111111111111100000000000000000000001111111111111111111111111111111111111111111111111111111111111111111100000000000000000000000000000011111111111111111111111111111111111111111111111111111111111111111111111111111111000001111111111111111111111
11111111111111111111111111111111111111111111111100000000000000000000001111111111111111111111111111111111111111111111111111111111111111111100000000000000000000000000000011111111111111111111111111111111111111111111111111111111111111111111111111111111000001111111111111111111111
11111111111111111111111111111111111111111111111100000000000000000000001111111111111111111111111111111111111111111111111111111111111111111100000000000000000000000000000011111111111111111111111111111111111111111111111111111111111111111111111111111111000001111111111111111111111
11111111111111111111111111111111111111111111111100000000000000000000001111111111111111111111111111111111111111111111111111111111111111111111111110000000000000000000000011111111111111111111111111111111111111111111111111111111111111111111111111111111000001111111111111111111111
11111111111111111111111111111111111111111111111100000000000000000000001111111111111111111111111111111111111111111111111111111111111111111111111110000000000000000000000011111111111111111111111111111111111111111111111111111111111111111111111111111111000001111111111111111111111
11111111111111111111111111111111111111111111111100000000000000000000001111111111111111111111111111111111111111111111111111111111111111111111111110000000000000000000000011111111111111111111111111111111111111111111111111111111111111111111111111111111000001111111111111111111111
11111111111111111111111111111111111111111111111100000000000000000000001111111111111111111111111111111111111111111111111111111111111111111111111110000000000000000000000011111111111111111111111111111111111111111111111111111111111111111111111111111111000001111111111111111111111
11111111111111111111111111111111111111111111111100000000000000000000001111111111111111111111111111111111111111111111111111111111111111111111111110000000000000000000000011111111111111111111111111111111111111111111111111111111111111111111111111111111000000000000000000001111111
11111111111111111111111111111111111111111111111100000000000000000000001111111111111111111111111111111111111111111111111111111111111111111111111111111111111111111111111111111111111111111111111111111111111111111111111111111111111111111111111111111111000000000000000000001111111
11111111111111111111111111111111111111111111111111111111111111111100001111111111111111111111111111111111111111111111111111111111111111111111111111111111111111111111111111111111111111111111111111111111111111111111111111111111111111111111111111111111000000000000000000001111111
11111111111111111111111111111111111111111111111111111111111111111110001111111111111111111111111111111111111111111111111111111111111111111111111111111111111111111111111111111111111111111111111111111111111111111111111111111111111111111111111111111111000000000000000000001111111
11111111111111111111111111111111111111111111111111111111111111111110001111111111111111111111111111111111111111111111111111111111111111111111111111111111111111111111111111111111111111111111111111111111111111111111111111111111111111111111111111111111000000000000000000001111111
11111111111111111111111111111111111111111111111111111111111111111110001111111111111111111111111111111111111111111111111111111111111111111111111111111111111111111111111111111111111111111111111111111111111111111111111111111111111111111111111111111111000000000000000000001111111
11111111111111111111111111111111111111111111111111111111111111111110001111111111111111111111111111111111111111111111111111111111111111111111111111111111111111111111111111111111111111111111111111111111111111111111111111111111111111111111111111111111000000000000000000001111111
11111111111111111111111111111111111111111111111111111111111111111110001111111111111111111111111111111111111111111111111111111111111111111111111111111111111111111111111111111111111111111111111111111111111111111111111111111111111111111111111111111111000000000000000000001111111
11111111111111111111111111111111111111111111111111111111111111111110001111111111111111111111111111111111111111111111111111111111111111111111111111111111111111111111111111111111111111111111111111111111111111111111111111111111111111111111111111111111000000000000000000001111111
11111111111111111111111111111111111111111111111111111111111111111110001111111111111111111111111111111111111111111111111111111111111111111111111111111111111111111111111111111111111111111111111111111111111111111111111111111111111111111111111111111111000000000000000000001111111
11111111111111111111111111111111111111111111111111111111111111111110001111111111111111111111111111111111111111111111111111111111111111111111111111111111111111111111111111111111111111111111111111111111111111111111111111111111111111111111111111111111000000000000000000001111111
11111111111111111111111111111111111111111111111111111111111111111110001111111111111111111111111111111111111111111111111111111111111111111111111111111111111111111111111111111111111111111111111111111111111111111111111111111111111111111111111111111111000000000000000000001111111
11111111111111111111111111111111111111111111111111111111111111111110001111111111111111111111111111111111111111111111111111111111111111111111111111111111111111111111111111111111111111111111111111111111111111111111111111111111111111111111111111111111000000000000000000001111111
11111111111111111111111111111111111111111111111111111111111111111110001111111111111111111111111111111111111111111111111111111111111111111111111111111111111111111111111111111111111111111111111111111111111111111111111111111111111111111111111111111111000000000000000000001111111
11111111111111111111111111111111111111111111111111111111111111111110001111111111111111111111111111111111111111111111111111111111111111111111111111111111111111111111111111111111111111111111111111111111111111111111111111111111111111111111111111111111000000000000000000001111111
11111111111111111111111111111111111111111111111111111111111111111110001111111111111111111111111111111111111111111111111111111111111111111111111111111111111111111111111111111111111111111111111111111111111111111111111111111111111111111111111111111111000000000000000000001111111
11111111111111111111111111111111111111111111111111111111111111111110001111111111111111111111111111111111111111111111111111111111111111111111111111111111111111111111111111111111111111111111111111111111111111111111111111111111111111111111111111111111000000000000000000001111111
11111111111111111111111111111111111111111111111111111111111111111110001111111111111111111111111111111111111111111111111111111111111111111111111111111111111111111111111111111111111111111111111111111111111111111111111111111111111111111111111111111111000000000000000000001111111
11111111111111111111111111111111111111111111111111111111111111111110001111111111111111111111111111111111111111111111111111111111111111111111111111111111111111111111111111111111111111111111111111111111111111111111111111111111111111111111111111111111000000000000000000001111111
11111111111111111111111111111111111111111111111111111111111111111110001111111111111111111111111111111111111111111111111111111111111111111111111111111111111111111111111111111111111111111111111111111111111111111111111111111111111111111111111111111111000000000000000000001111111
11111111111111111111111111111111111111111111111111111111111111111110001111111111111111111111111111111111111111111111111111111111111111111111111111111111111111111111111111111111111111111111111111111111111111111111111111111111111111111111111111111111000000000000000000001111111
11111111111111111111111111111111111111111111111111111111111111111110001111111111111111111111111111111111111111111111111111111111111111111111111111111111111111111111111111111111111111111111111111111111111111111111111111111111111111111111111111111111000000000000000000001111111
11111111111111111111111111111111111111111111111111111111111111111110001111111111111111111111111111111111111111111111111111111111111111111111111111111111111111111111111111111111111111111111111111111111111111111111111111111111111111111111111111111111000000000000000000001111111
11111111111111111111111111111111111111111111111111111111111111111110001111111111111111111111111111111111111111111111111111111111111111111111111111111111111111111111111111111111111111111111111111111111111111111111111111111111111111111111111111111111000000000000000000001111111
11111111111111111111111111111111111111111111111111111111111111111110001111111111111111111111111111111111111111111111111111111111111111111111111111111111111111111111111111111111111111111111111111111111111111111111111111111111111111111111111111111111000000000000000000001111111
11111111111111111111111111111111111111111111111111111111111111111110001111111111111111111111111111111111111111111111111111111111111111111111111111111111111111111111111111111111111111111111111111111111111111111111111111111111111111111111111111111110000000000000000000001111111
11111111111111111111111111111111111111111111111111111111111111111110001111111111111111111111111111111111111111111111111111111111111111111111111111111111111111111111111111100000000000000000000011111111111111111111111111111111111000000000000000000000000000000000000000001111111
00001111111111111111111111111111111111111111111111111111111111111110001111111111111111111111111111111111111111111111111111111111111111111111111111111111111111111111111111100000000000000000000111111111111111111111111111111111111000000000000000000000000000000000011111111111111
00001111111111111111111111111111111111111111111111111111111111111110001111111111111111111111111111111111111111111111111111111111111111111111111111111111111111111111111111100000000000000000001111111111111111111111111111111111111100000000000000000000000000000000011111111111111
00001111111111111111111111111111111111111111111111111111111111111110001111111111111111111111111111111111111111111111111111111111111111111111111111111111111111111111111111100000000000000000001111111111111111111111111111111111111100000000000000000000000000000000011111111111111
00001111111111111111111111111111111111111111111111111111111111111110001111111111111111111111111111111111111111111111111111111111111111111111111111111111111111111111111111100000000000000000001111111111111111111111111111111111111100000000000000000000000000000000011111111111111
00001111111111111111111111111111111111111111111111111111111111111110001111111111111111111111111111111111111111111111111111111111111111111111111111111111111111111111111111100000000000000000011111111111111111111111111111111111111100000000000000000000000000000000011111111111111
00001111111111111111111111111111111111111111111111111111111111111110001111111111111111111111111111111111111111111111111111111111111111111111111111111111111111111111111111100000000000000000011111111111111111111111111111111111111110000000000000000000000000000000011111111111111
00001111111111111111111111111111111111111111111111111111111111111110001111111111111111111111111111111111111111111111111111111111111111111111111111111111111111111111111111100000000000000000011111111111111111111111111111111111111111000000000000000000000000000000011111111111111
00001111111111111111111111111111111111111111111111111111111111111110001111111111111111111111111111111111111111111111111111111111111111111111111111111111111111111111111111100000000000000000011111111111111111111111111111111111111111000000000000000000000000000000011111111111111
00001111111111111111111111111111111111111111111111111111111111111110001111111111111111111111111111111111111111111111111111111111111111111111111111111111111111111111111111100000000000000000111111111111111111111111111111111111111111000000000000000000000000000000011111111111111
00001111111111111111111111111111111111111111111111111111111111111110001111111111111111111111111111111111111111111111111111111111111111111111111111111111111111111111111111100000000000000000111111111111111111111111111111111111111111000000000000000000000000000000011111111111111
00001111111111111111111111111111111111111111111111111111111111111110001111111111111111111111111111111111111111111111111111111111111111111111111111111111111111111111111111100000000000000001111111111111111111111111111111111111111111100000000000000000000000000000011111111111111
00001111111111111111111111111111111111111111111111111111111111111110001111111111111111111111111111111111111111111111111111111111111111111111111111111111111111111111111111100000000000000001111111111111111111111111111111111111111111100000000000000000000000000000011111111111111
00001111111111111111111111111111111111111111111111111111111111111110001111111111111111111111111111111111111111111111111111111111111111111111111111111111111111111111111111100000000000000001111111111111111111111111111111111111111111110000000000000000000000000000011111111111111
00001111111111111111111111111111111111111111111111111111111111111110001111111111111111111111111111111111111111111111111111111111111111111111111111111111111111111111111111100000000000000001111111111111111111111111111111111111111111110000000000000000000000000000011111111111111
00001111111111111111111111111111111111111111111111111111111111111110001111111111111111111111111111111111111111111111111111111111111111111111111111111111111111111111111111100000000000000011111111111111111111111111111111111111111111110000000000000000000000000000011111111111111
00001111111111111111111111111111111111111111111111111111111111111110001111111111111111111111111111111111111111111111111111111111111111111111111111111111111111111111111111100000000000000011111111111111111111111111111111111111111111110000000000000000000000000000011111111111111
00001111111111111111111111111111111111111111111111111111111111111110001111111111111111111111111111111111111111111111111111111111111111111111111111111111111111111111111111100000000000000011111111111111111111111111111111111111111111111000000000000000000000000000011111111111111
00001111111111111111111111111111111111111111111111111111111111111110001111111111111111111111111111111111111111111111111111111111111111111111111111111111111111111111111111100000000000000011111111111111111111111111111111111111111111111000000000000000000000000000011111111111111
00001111111111111111111111111111111111111111111111111111111111111110001111111111111111111111111111111111111111111111111111111111111111111111111111111111111111111111111111100000000000000111111111111111111111111111111111111111111111111000000000000000000000000000011111111111111
00001111111111111111111111111111111111111111111111111111111111111110001111111111111111111111111111111111111111111111111111111111111111111111111111111111111111111111111111100000000000000111111111111111111111111111111111111111111111111100000000000000000000000000011111111111111
00001111111111111111111111111111111111111111111111111111111111111110001111111111111111111111111111111111111111111111111111111111111111111111111111111111111111111111111111100000000000001111111111111111111111111111111111111111111111111100000000000000000000000000011111111111111
00001111111111111111111111111111111111111111111111111111111111111110001111111111111111111111111111111111111111111111111111111111111111111111111111111111111111111111111111100000000000001111111111111111111111111111111111111111111111111100000000000000000000000000011111111111111
00001111111111111111111111111111111111111111111111111111111111111110001111111111111111111111111111111111111111111111111111111111111111111111111111111111111111111111111111100000000000001111111111111111111111111111111111111111111111111100000000000000000000000000011111111111111
00001111111111111111111111111111111111111111111111111111111111111110001111111111111111111111111111111111111111111111111111111111111111111111111111111111111111111111111111100000000000011111111111111111111111111111111111111111111111111110000000000000000000000000011111111111111
00000000000000000000000000000000000000000000000000000000000000000000001111111111111111111111111111111111111111111111111111111111111111111111111111111111111111111111111111100000000000011111111111111111111111111111111111111111111111111110000000000000000000000000011111111111111
00000000000000000000000000000000000000000000000000000000000000000000000111111111111111111111111111111111111111111111111111111111111111111111111111111111111111111111111111000000000000011111111111111111111111111111111111111111111111111111000000000000000000000000011111111111111
00000000000000000000000000000000000000000000000000000000000000000000000000000000000000000000000000000000000000000000000000000000000000000000000000000000000000000000000000000000000000111111111111111111111111111111111111111111111111111111000000000000000000000000011111111111111
00000000000000000000000000000000000000000000000000000000000000000000000000000000000000000000000000000000000000000000000000000000000000000000000000000000000000000000000000000000000000111111111111111111111111111111111111111111111111111111000000000000000000000000011111111111111
00000000000000000000000000000000000000000000000000000000000000000000000000000000000000000000000000000000000000000000000000000000000000000000000000000000000000000000000000000000000000111111111111111111111111111111111111111111111111111111100000000000000000000000011111111111111
00000000000000000000000000000000000000000000000000000000000000000000000000000000000000000000000000000000000000000000000000000000000000000000000000000000000000000000000000000000000001111111111111111111111111111111111111111111111111111111100000000000000000000000011111111111111
00000000000000000000000000000000000000000000000000000000000000000000000000000000000000000000000000000000000000000000000000000000000000000000000000000000000000000000000000000000000001111111111111111111111111111111111111111111111111111111100000000000000000000000011111111111111
00000000000000000000000000011111111111111111111111100000000000000000000000000000000000000000000000000000000000000000000000000000000000000000000000000000000000000000000000000000000001111111111111111111111111111111111111111111111111111111110000000000000000000000011111111111111
00000000000000000000000000011111111111111111111111110000000000000000000000000000000000000000000000000000000000000000000000000000000000000000000000000000000000000000000000000000000011111111111111111111111111111111111111111111111111111111110000000000000000000000011111111111111
11111111111110000000000000011111111111111111111111110000011111111111111111111111111111111111111111111111111111111111111111111111111111111100000000000000000000000000000000000000000011111111111111111111111111111111111111111111111111111111110000000000000000000111111111111111111
11111111111110000000000000011111111111111111111111110000011111111111111111111111111111111111111111111111111111111111111111111111111111111100000000000000000000000000000000000000000011111111111111111111111111111111111111111111111111111111111000000000000000000111111111111111111
11111111111110000000000000011111111111111111111111110000011111111111111111111111111111111111111111111111111111111111111111111111111111111100000000000000000000000000000000000000000111111111111111111111111111111111111111111111111111111111111000000000000000000111111111111111111
11111111111110000000000000011111111111111111111111110000011111111111111111111111111111111111111111111111111111111111111111111111111111111100000000000000000000000000000000000000000111111111111111111111111111111111111111111111111111111111111000000000000000000111111111111111111
11111111111110000000000000011111111111111111111111110000111111111111111111111111111111111111111111111111111111111111111111111111111111111100000000000000000000000000000000000000000111111111111111111111111111111111111111111111111111111111111000000000000000000111111111111111111
11111111111110000000000000011111111111111111111111110000111111111111111111111111111111111111111111111111111111111111111111111111111111111100000000000000000000000000000000000000000111111111111111111111111111111111111111111111111111111111111100000000000000000111111111111111111
11111111111110000000000000011111111111111111111111110000111111111111111111111111111111111111111111111111111111111111111111111111111111111100000000000000000000000000000000000000001111111111111111111111111111111111111111111111111111111111111100000000000000000111111111111111111
11111111111110000000000000011111111111111111111111110000111111111111111111111111111111111111111111111111111111111111111111111111111111111100000000000000000000000000000000000000001111111111111111111111111111111111111111111111111111111111111100000000000000000111111111111111111
11111111111110000000000000011111111111111111111111110001111111111111111111111111111111111111111111111111111111111111111111111111111111111100000000000000000000000000000000000000001111111111111111111111111111111111111111111111111111111111111110000000000000000111111111111111111
11111111111110000000000000011111111111111111111111110001111111111111111111111111111111111111111111111111111111111111111111111111111111111100000000000000000000000000000000000000011111111111111111111111111111111111111111111111111111111111111110000000000000000111111111111111111
11111111111110000000000000011111111111111111111111110001111111111111111111111111111111111111111111111111111111111111111111111111111111111100000000000000000000000000000000000000011111111111111111111111111111111111111111111111111111111111111110000000000000000111111111111111111
11111111111110000000000000011111111111111111111111110011111111111111111111111111111111111111111111111111111111111111111111111111111111111100000000000000000000000000000000000000011111111111111111111111111111111111111111111111111111111111111111000000000000000111111111111111111
11111111111110000000000000011111111111111111111111110001111111111111111111111111111111111111111111111111111111111111111111111111111111111100000000000000000000000000000000000000111111111111111111111111111111111111111111111111111111111111111111000000000000000111111111111111111
11111111111110000000000000011111111111111111111111110111111111111111111111111111111111111111111111111111111111111111111111111111111111111100000000000000000000000000000000000000111111111111111111111111111111111111111111111111111111111111111111000000000000000111111111111111111
11111111111111111000000000011111111111111111111111110111111111111111111111111111111111111111111111111111111111111111111111111111111111111100000000000000000000000000000000000001111111111111111111111111111111111111111111111111111111111111111111100000000000000111111111111111111
11111111111111111100000000011111111111111111111111110111111111111111111111111111111111111111111111111111111111111111111111111111111111111100000000000000000000000000000000000001111111111111111111111111111111111111111111111111111111111111111111100000000000000111111111111111111
11111111111111111100000000011111111111111111111111111111111111111111111111111111111111111111111111111111111111111111111111111111111111111100000000000000000000000000000000000001111111111111111111111111111111111111111111111111111111111111111111110000000000000111111111111111111
11111111111111111100000000011111111111111111111111111111111111111111111111111111111111111111111111111111111111111111111111111111111111111100000000000000000000000000000000000011111111111111111111111111111111111111111111111111111111111111111111110000000000000000011111111111111
11111111111111111100000000011111111111111111111111111111111111111111111111111111111111111111111111111111111111111111111111111111111111111100000000000000000000000000000000000011111111111111111111111111111111111111111111111111111111111111111111110000000000000000011111111111111
11111111111111111100000000011111111111111111111111111111111111111111111111111111111111111111111111111111111111111111111111111111111111111100000000000000000000000000000000000011111111111111111111111111111111111111111111111111111111111111111111111000000000000000011111111111111
11111111111111111100000000011111111111111111111111111111111111111111111111111111111111111111111111111111111111111111111111111111111111111100000000000000000000000000000000000111111111111111111111111111111111111111111111111111111111111111111111111000000000000000011111111111111
11111111111111111100000000011111111111111111111111111111111111111111111111111111111111111111111111111111111111111111111111111111111111111100000000000000000000000000000000000111111111111111111111111111111111111111111111111111111111111111111111111000000000000000011111111111111
11111111111111111100000000001111111111111111111000111111111111111111111111111111111111111111111111111111111111111111111111111111111111111100000000000000000000000000000000000111111111111111111111111111111111111111111111111111111111111111111111111000000000000000011111111111111
11111111111111111100000000001111111111111111111100111111111111111111111111111111111111111111111111111111111111111111111111111111111111111100000000000000000000000000000000000111111111111111111111111111111111111111111111111111111111111111111111111100000000000000011111111111111
11111111111111111100000000001111111111111111111100111111111111111111111111111111111111111111111111111111111111111111111111111111111111111100000000000000000000000000000000001111111111111111111111111111111111111111111111111111111111111111111111111100000000000000011111111111111
11111111111111111100000000001111111111111111111100111111111111111111111111111111111111111111111111111111111111111111111111111111111111111100000000000000000000000000000000001111111111111111111111111111111111111111111111111111111111111111111111111100000000000000011111111111111
11111111111111111100000000001111111111111111111101111111111111111111111111111111111111111111111111111111111111111111111111111111111111111100000000000000000000000000000000001111111111111111111111111111111111111111111111111111111111111111111111111110000000000000011111111111111
11111111111111111100000000001111111111111111111101111111111111111111111111111111111111111111111111111111111111111111111111111111111111111100000000000000000000000000000000011111111111111111111111111111111111111111111111111111111111111111111111111110000000000000011111111111111
11111111111111111100000000001111111111111111111101111111111111111111111111111111111111111111111111111111111111111111111111111111111111111100000000000000000000000000000000011111111111111111111111111111111111111111111111111111111111111111111111111111000000000000011111111111111
11111111111111111100000000001111111111111111111111111111111111111111111111111111111111111111111111111111111111111111111111111111111111111100000000000000000000000000000000011111111111111111111111111111111111111111111111111111111111111111111111111111000000000000011111111111111
11111111111111111100000000001111111111111111111111111111111111111111111111111111111111111111111111111111111111111111111111111111111111111100000000000000000000000000000000011111111111111111111111111111111111111111111111111111111111111111111111111111000000000000011111111111111
11111111111111111100000000001111111111111111111011111111111111111111111111111111111111111111111111111111111111111111111111111111111111111100000000000000000000000000000000111111111111111111111111111111111111111111111111111111111111111111111111111111000000000000011111111111111
11111111111111111100000000001111111111111111111111111111111111111111111111111111111111111111111111111111111111111111111111111111111111111100000000000000000000000000000000111111111111111111111111111111111111111111111111111111111111111111111111111111000000000000011111111111111
11111111111111111100000000001111111111111111111111111111111111111111111111111111111111111111111111111111111111111111111111111111111111111100000000000000000000000000000000111111111111111111111111111111111111111111111111111111111111111111111111111111000000000000011111111111111
11111111111111111100000000001111111111111111111111111111111111111111111111111111111111111111111111111111111111111111111111111111111111111100000000000000000000000000000000000011111111111111111111111111111111111111111111111111111111111111111111110000000000000000011111111111111
11111111111111111100000000001111111111111111111111111111111111111111111111111111111111111111111111111111111111111111111111111111111111111100000000000001111111111111111111111111111111111111111111111111111111111111111111111111111111111111111111111110000000000000011111111111111
11111111111111111100000000001111111111111111111111111111111111111111111111111111111111111111111111111111111111111111111111111111111111111100000000000011111111111111111111111111111111111111111111111111111111111111111111111111111111111111111111111111000000000000011111111111111
11111111111111111100000000001111111100000000011111111111111111111111111111111111111111111111111111111111111111111111111111111111111111111100000000000011111111111111111111111111111111111111111111111111111111111111111111111111111111111111111111111111000000000000011111111111111
11111111111111111100000000001111111100000000011111111111111111111111111111111111111111111111111111111111111111111111111111111111111111111100000000000011111111111111111111111111111111111111111111111111111111111111111111111111111111111111111111111111000000000000011111111111111
11111111111111111100000000001111111100000000011111111111111111111111111111111111111111111111111111111111111111111111111111111111111111111100000000000011111111111111111111111111111111111111111111111111111111111111111111111111111111111111111111111111000000000000011111111111111
11111111111111111100000000001111111100000000111111111111111111111111111111111111111111111111111111111111111111111111111111111111111111111100000000000011111111111111111111111111111111111111111111111111111111111111111111111111111111111111111111111111000000000000011111111111111
11111111111111111100000000001111111100000000111111111111111111111111111111111111111111111111111111111111111111111111111111111111111111111100000000000011111111111111111111111111111111111111111111111111111111111111111111111111111111111111111111111111000000000000011111111111111
11111111111111111100000000001111111111110000111111111111111111111111111111111111111111111111111111111111111111111111111111111111111111111100000000000011111111111111111111111111111111111111111111111111111111111111111111111111111111111111111111111111000000000000011111111111111
11111111111111111100000000011111111111111001111111111111111111111111111111111111111111111111111111111111111111111111111111111111111111111100000000000011111111111111111111111111111111111111111111111111111111111111111111111111111111111111111111111111000000000000011111111111111
11111111111111111100000000011111111111111001111111111111111111111111111111111111111111111111111111111111111111111111111111111111111111111100000000000011111111111111111111111111111111111111111111111111111111111111111111111111111111111111111111111111000000000000011111111111111
11111111111111111100000000011111111111111001111111111111111111111111111111111111111111111111111111111111111111111111111111111111111111111100000000000011111111111111111111111111111111111111111111111111111111111111111111111111111111111111111111111111000000000000011111111111111
11111111111111111100000000011111111111111001111111111111111111111111111111111111111111111111111111111111111111111111111111111111111111111100000000000011111111111111111111111111111111111111111111111111111111111111111111111111111111111111111111111111000000000000011111111111111
11111111111111111100000000011111111111111011111111111111111111111111111111111111111111111111111111111111111111111111111111111111111111111100000000000011111111111111111111111111111111111111111111111111111111111111111111111111111111111111111111111111000000000000011111111111111
11111111111111111100000000011111111111111011111111111111111111111111111111111111111111111111111111111111111111111111111111111111111111111100000000000011111111111111111111111111111111111111111111111111111111111111111111111111111111111111111111111111000000000000011111111111111
11111111111111111100000000011111111111111011111111111111111111111111111111111111111111111111111111111111111111111111111111111111111111111100000000000011111111111111111111111111111111111111111111111111111111111111111111111111111111111111111111111111000000000000011111111111111
11111111111111111100000000011111111111111111111111111111111111111111111111111111111111111111111111111111111111111111111111111111111111111100000000000011111111111111111111111111111111111111111111111111111111111111111111111111111111111111111111111111000000000000011111111111111
11111111111111111100000000011111111111111111111111111111111111111111111111111111111111111111111111111111111111111111111111111111111111111100000000000011111111111111111111111111111111111111111111111111111111111111111111111111111111111111111111111111000000000000011111111111111
11111111111111111100000000011111111111111111111111111111111111111111111111111111111111111111111111111111111111111111111111111111111111111100000000000000000000000000000000000000000000000000000000000000000000000000000000000000000000000000000000000000000000000000011111111111111
11111111111111111100000000011111111111111111111111111111111111111111111111111111111111111111111111111111111111111111111111111111111111111100000000000000000000000000000000000000000000000000000000000000000000000000000000000000000000000000000000000000000000000000011111111111111
11111111111111111100000000011111111111111111111111111111111111111111111111111111111111111111111111111111111111111111111111111111111111111100000000000000000000000000000000000000000000000000000000000000000000000000000000000000000000000000000000000000000000000000011111111111111
11111111111111111100000000011111111111111111111111111111111111111111111111111111111111111111111111111111111111111111111111111111111111111100000000000000000000000000000000000000000000000000000000000000000000000000000000000000000000000000000000000000000000000000011111111111111
11111111111111111100000000011111111111111111111111111111111111111111111111111111111111111111111111111111111111111111111111111111111111111100000000000000000000000000000000000000000000000000000000000000000000000000000000000000000000000000000000000000000000000000011111111111111
11111111111111111100000000011111111111111111111111111111111111111111111111111111111111111111111111111111111111111111111111111111111111111100000000000000000000000000000000000000000000000000000000000000000000000000000000000000000000000000000000000000000000000000011111111111111
11111111111111111100000000011111111111111111111111111111111111111111111111111111111111111111111111111111111111111111111111111111111111111100000000000000000000000000000000000000000000000000000000000000000000000000000000000000000000000000000000000000000000000000011111111111111
11111111111111111100000000000000000000111111111111111111111111111111111111111111111111111111111111111111111111111111111111111111111111111100000000000000000000000000000000000000000000000000000000000000000000000000000000000000000000000000000000000000000000000000011111111111111
11111111111111100000000000000000000000111111111111111111111111111111111111111111111111111111111111111111111111111111111111111111111111111100000000000000000000000000000000000000000000000000000000000000000000000000000000000000000000000000000000000000000000000001111111111111111
11111111111111100000000000000000000000111111111111111111111111111111111111111111111111111111111111111111111111111111111111111111111111111100000000000000000000000000000000000000000000000000000000000000000000000000000000000000000000000000000000000000000000000011111111111111111
11111111111111100000000000000000000001111111111111111111111111111111111111111111111111111111111111111111111111111111111111111111111111111100000000000000000000000000000000000000000000000000000000000000000000000000000000000000000000000000000000000000000000000011111111111111111
11111111111111100000000000000000000001111111111111111111111111111111111111111111111111111111111111111111111111111111111111111111111111111100000000000000000000000001111111111111111111111111000000000000000000000000000000000000000000000000111111111111111111111111111111111111111
11111111111111100000000000000000000001111111111111111111111111111111111111111111111111111111111111111111111111111111111111111111111111111100000000000000000000000001111111111111111111111111000000000000000000000000000000000000000000000000111111111111111111111111111111111111111
11111111111111100000000000000000000011111111111111111111111111111111111111111111111111111111111111111111111111111111111111111111111111111100000000000000000000000001111111111111111111111111000000000000000000000000000000000000000000000000111111111111111111111111111111111111111
11111111111111100000000000000000000011111111111111111111111111111111111111111111111111111111111111111111111111111111111111111111111111111100000000000001111111100011111111111111111111111111100011111111000000000000000000000000000000000000111111111111111111111111111111111111111
11111111111111100000000000000000000011111111111111111111111111111111111111111111111111111111111111111111111111111111111111111111111111111100000000000011111111110011111111111111111111111111100011111111000000000000000000000000000000000000111111111111111111111111111111111111111
11111111111111100000000000000000000111111111111111111111111111111111111111111111111111111111111111111111111111111111111111111111111111111100000000000011111111110011111111111111111111111111100011111111000000000000000000000000000000000000111111111111111111111111111111111111111
11111111111111100000000000000000000111111111111111111111111111111111111111111111111111111111111111111111111111111111111111111111111111111100000000000011111111110011111111111111111111111111100011111111000000000000000000000000000000000000111111111111111111111111111111111111111
11111111111111100000000000000000000111111111111111111111111111111111111111111111111111111111111111111111111111111111111111111111111111111100000000000011111111110011111111111111111111111111100011111111000000000000000000000000000000000000111111111111111111111111111111111111111
11111111111111100000000000000000000111111111111111111111111111111111111111111111111111111111111111111111111111111111111111111111111111111100000000000011111111110011111111111111111111111111100011111111000000000000000000000000000000000000111111111111111111111111111111111111111
11111111111111100000000000000000001111111111111111111111111111111111111111111111111111111111111111111111111111111111111111111111111111111100000000000011111111110011111111111111111111111111100011111111000000000000000000000000000000000000111111111111111111111111111111111111111
11111111111111100000000000000000001111111111111111111111111111111111111111111111111111111111111111111111111111111111111111111111111111111100000000000011111111110011111111111111111111111111100011111111000000000000000000000000000000000000111111111111111111111111111111111111111
11111111111111100000000000000000001111111111111111111111111111111111111111111111111111111111111111111111111111111111111111111111111111111100000000000011111111110011111111111111111111111111100011111111000000000000000000000000000000000000111111111111111111111111111111111111111
11111111111111100000000000000000011111111111111111111111111111111111111111111111111111111111111111111111111111111111111111111111111111111100000000000011111111110011100000000000000000000011100011111111000000000000000000000000000000000000111111111111111111111111111111111111111
11111111111111100000000000000000011111111111111111111111111111111111111111111111111111111111111111111111111111111111111111111111111111111100000000000011111111110011000000000000000000000001100011111111000000000000000000000000000000000000111111111111111111111111111111111111111
11111111111111100000000000000000011111111111111111111111111111111111111111111111111111111111111111111111111111111111111111111111111111111100000000000011111111110011000000000000000000000001100011111111000000000000000000000000000000000000111111111111111111111111111111111111111
11111111111111100000000000000000011111111111111111111111111111111111111111111111111111111111111111111111111111111111111111111111111111111100000000000011111111110011000000000000000000000001100011111111000000000000000000000000000000000000111111111111111111111111111111111111111
11111111111111100000000000000000111111111111111111111111111111111111111111111111111111111111111111111111111111111111111111111111111111111100000000000011111111110011000000000000000000000001100011111111000000000000000000000000000000000000111111111111111111111111111111111111111
11111111111111100000000000000001111111111111111111111111111111111111111111111111111111111111111111111111111111111111111111111111111111111100000000000011111111110011000000000000000000000001100011111111000000000000000000000000000000000000111111111111111111111111111111111111111
11111111111111100000000000000001111111111111111111111111111111111111111111111111111111111111111111111111111111111111111111111111111111111100000000000011111111110011000000000000000000000001100011111111000000000000000000000000000000000000111111111111111111111111111111111111111
11111111111111100000000000000001111111111111111111111111111111111111111111111111111111111111111111111111111111111111111111111111111111111100000000000011111111110011000000000000000000000001100011111111000000000000000000000000000000000000111111111111111111111111111111111111111
11111111111111100000000000000011111111111111111111111111111111111111111111111111111111111111111111111111111111111111111111111111111111111100000000000011111111110011000000000000000000000001100011111111000000000000000000000000000000000000111111111111111111111111111111111111111
11111111111111100000000000000011111111111111111111111111111111111111111111111111111111111111111111111111111111111111111111111111111111111100000000000011111111110011000000000000000000000001100011111111000000000000000000000000000000000000000000000000000000000011111111111111111
11111111111111100000000000000011111111111111111111111111111111111111111111111111111111111111111111111111111111111111111111111111111111111100000000000011111111110011000000000000000000000001100011111111000000000000000000000000000000000000000000000000000000000011111111111111111
11111111111111100000000000000011111111111111111111111111111111111111111111111111111111111111111111111111111111111111111111111111111111111100000000000011111111110011000000000000000000000001100011111111000000000000000000000000000000000000000000000000000000000011111111111111111
11111111111111100000000000000111111111111111111111111111111111111111111111111111111111111111111111111111111111111111111111111111111111111100000000000011111111110011000000000000000000000001100011111111000000000000000000000000000000000000000000000000000000000011111111111111111
11111111111111100000000000000111111111111111111111111111111111111111111111111111111111111111111111111111111111111111111111111111111111111100000000000011111111110011000000000000000000000001100011111111000000000000000000000000000000000000000000000000000000000011111111111111111
11111111111111100000000000000111111111111111111111111111111111111111111111111111111111111111111111111111111111111111111111111111111111111100000000000011111111110011000000000000000000000001100011111111000000000000000000000000000000000000000000000000000000000011111111111111111
11111111111111100000000000001111111111111111111111111111111111111111111111111111111111111111111111111111111111111111111111111111111111111100000000000011111111110011000000000000000000000001100011111111000000000000000000000000000000000000000000000000000000000011111111111111111
11111111111111100000000000001111111111111111111111111111111111111111111111111111111111111111111111111111111111111111111111111111111111111100000000000011111111110011000000000000000000000001100011111111000000000000000000000000000000000000000000000000000000000011111111111111111
11111111111111100000000000011111111111111111111111111111111111111111111111111111111111111111111111111111111111111111111111111111111111111100000000000011111111110011000000000000000000000001100011111111000000000000000000000000000000000000000000000000000000000011111111111111111
11111111111111100000000000011111111111111111111111111111111111111111111111111111111111111111111111111111111111111111111111111111111111111100000000000011111111110011000000000000000000000001100011111111000000000000000000000000000000000000000000000000000000000011111111111111111
11111111111111100000000000011111111111111111111111111111111111111111111111111111111111111111111111111111111111111111111111111111111111111100000000000011111111110011000000000000000000000001100011111111000000000000000000000000000000000000000000000000000000000011111111111111111
11111111111111100000000000011111111111111111111111111111111111111111111111111111111111111111111111111111111111111111111111111111111111111100000000000011111111110011000000000000000000000001100011111111000000000000000000000000000000000000000000000000000000000011111111111111111
11111111111111100000000000111111111111111111111111111111111111111111111111111111111111111111111111111111111111111111111111111111111111111100000000000011111111110011000000000000000000000001100011111111000000000000000000000000000000000000000000000000000000000011111111111111111
11111111111111100000000000111111111111111111111111111111111111111111111111111111111111111111111111111111111111111111111111111111111111111100000000000011111111100011000000000000000000000001100011111111000000000000000000000000000000000000000000000000000000000011111111111111111
11111111111111100000000000000111111111111111111111111111111111111111111111111111111111111111111111111111111111111111111111111111111111111000000000000001111110000000000000000000000000000000000000111110000000000000000000000000000000000000000000000000000000000011111111111111111
11111111111111100000000000000000001111111111111111111111111111111111111111111111111111111111111111111111111111111111111111111111111000000000000000000000000000000000000000000000000000000000000000000000000000000000000000000000000000000000000000000000000000000011111111111111111
11111111111111100000000000000000000000001111111111111111111111111111111111111111111111111111111111111111111111111111111111111000000000000000000000000000000000000000000000000000000000000000000000000000000000000000000000000000000000000000000000000000000000000011111111111111111
11111111111111100000000000000000000000000000001111111111111111111111111111111111111111111111111111111111111111111111110000000000000000000000000000000000000000000000000000000000000000000000000000000000000000000000000000000000000000000000000000000000000000000011111111111111111
11111111111111100000000000000000000000000000000000000111111111111111111111111111111111111111111111111111111111111000000000000000000000000000000000000000000000000000000000000000000000000000000000000000000000000000000000000000000000000000000000000000000000000011111111111111111
11111111111111100000000000000000000000000000000000000000000011111111111111111111111111111111111111111111100000000000000000000000000000000000000000000000000000000000000000000000000000000000000000000000000000000000000000000000000000000000000000000000000000000011111111111111111
11111111111111100000000000000000000000000000000000000000000000000000000000000000000000000000000000000000000000000000000000000000000000000000000000000000000000000000000000000000000000000000000000000000000000000000000000000000000000000000000000000000000000000011111111111111111
11111111111111100000000000000000000000000000000000000000000000000000000000000000000000000000000000000000000000000000000000000000000000000000000000000000000000000000000000000000000000000000000000000000000000000000000000000000000000000000000000000000000000000011111111111111111
11111111111111100000000000000000000000000000000000000000000000000000000000000000000000000000000000000000000000000000000000000000000000000000000000000000000000000000000000000000000000000000000000000000000000000000000000000000000000000000000000000000000000000011111111111111111
11111111111111100000000000000000000000000000000000000000000000000000000000000000000000000000000000000000000000000000000000000000000000000000000000000000000000000000000000000000000000000000000000000000000000000000000000000000000000000000000000000000000000000011111111111111111
11111111111111100000000000000000000000000000000000000000000000000000000000000000000000000000000000000000000000000000000000000000000000000000000000000000000000000000000000000000000000000000000000000000000000000000000000000000000000000000000000000000000000000011111111111111111
11111111111111100000000000000000000000000000000000000000000000000000000000000000000000000000000000000000000000000000000000000000000000000000000000000000000000000000000000000000000000000000000000000000000000000000000000000000000000000000000000000000000000000011111111111111111
11111111111111100000000000000000000000000000000000000000000000000000000000000000000000000000000000000000000000000000000000000000000000000000000000000000000000000000000000000000000000000000000000000000000000000000000000000000000000000000000000000000000000000011111111111111111
11111111111111100000000000000000000000000000000000000000000000000000000000000000000000000000000000000000000000000000000000000000000000000000000000000000000000000000000000000000000000000000000000000000000000000000000000000000000000000000000000000000000000000011111111111111111
11111111111111100000000000000000000000000000000000000000000000000000000000000000000000000000000000000000000000000000000000000000000000000000000000000000000000000000000000000000000000000000000000000000000000000000000000000000000000000000000000000000000000000011111111111111111
11111111111111100000000000000000000000000000000000000000000000000000000000000000000000000000000000000000000000000000000000000000000000000000000000000000000000000000000000000000000000000000000000000000000000000000000000000000000000000000000000000000000000000011111111111111111
11111111111111100000000000000000000000000000000000000000000000000000000000000000000000000000000000000000000000000000000000000000000000000000000000000000000000000000000000000000000000000000000000000000000000000000000000000000000000000000000000000000000000000011111111111111111
11111111111111100000000000000000000000000000000000000000000000000000000000000000000000000000000000000000000000000000000000000000000000000000000000000000000000000000000000000000000000000000000000000000000000000000000000000000000000000000000000000000000000000011111111111111111
11111111111111100000000000000000000000000000000000000000000000000000000000000000000000000000000000000000000000000000000000000000000000000000000000000000000000000000000000000000000000000000000000000000000000000000000000000000000000000000000000000000000000000011111111111111111
11111111111111100000000000000000000000000000000000000000000000000000000000000000000000000000000000000000000000000000000000000000000000000000000000000000000000000000000000000000000000000000000000000000000000000000000000000000000000000000000000000000000000000011111111111111111
11111111111111100000000000000000000000000000000000000000000000000000000000000000000000000000000000000000000000000000000000000000000000000000000000000000000000000000000000000000000001111111111111111111111111111100000000000000000000000000000000000000000000000011111111111111111
11111111111111100000000000000000000000000000000000000000000000000000000000000000000000000000000000000000000000000000000000000000000000000000000000000000000000000000000000000000000011111111111111111111111111111100000000000000000000000000000000000000000000000011111111111111111
11111111111111100000000000000000000000000000000000000000000000000000000000000000000000000000000000000000000000000000000000000000000000000000000000000000000000000000000000000000000011111111111111111111111111111100000000000000000000000000000000000000000000000011111111111111111
11111111111111100000000000000000000000000000000000000000000000000000000000000000000000000000000000000000000000000000000000000000000000000000000000000000000000000000000000000000000011111111111111111111111111111100000000000000000000000000000000000000000000000011111111111111111
11111111111111100000000000000000000000000000000000000000000000000000000000000000000000000000000000000000000000000000000000000000000000000000000000000000000000000000000000000000000011111111111111111111111111111100000000000000000000000000000000000000000000000011111111111111111
11111111111111100000000000000000000000000000000000000000000000000000000000000000000000000000000000000000000000000000000000000000000000000000000000000000000000000000000000000000000011111111111111111111111111111100000000000000000000000000000000000000000000000011111111111111111
11111111111111100000000000000000000000000000000000000000000000000000000000000000000000000000000000000000000000000000000000000000000000000000000000000000000000000000000000000000000011111111111111111111111111111100000000000000000000000000000000000000000000000011111111111111111
11111111111111100000000000000000000000000000000000000000000000000000000000000000000000000000000000000000000000000000000000000000000000000000000000000000000000000000000000000000000011111111111111111111111111111100000000000000000000000000000000000000000000000011111111111111111
11111111111111100000000000000000000000000000000000000000000000000000000000000000000000000000000000000000000000000000000000000000000000000000000000000000000000000000000000000000000001111111111111111111111111111100000000000000000000000000000000000000000000000011111111111111111
11111111111111100000000000000000000000000000000000000000000000000000000000000000000000000000000000000000000000000000000000000000000000000000000000000000000000000000000000000000000000011111111111111111111111111000000000000000000000000000000000000000000000000011111111111111111
11111111111111100000000000000000000000000000000000000000000000000000000000000000000000000000000000000000000000000000000000000000000000000000000000000000000000000000000000000000000000000000000000000000000000000000000000000000000000000000000000000000000000000011111111111111111
11111111111111100000000000000000000000000000000000000000000000000000000000000000000000000000000000000000000000000000000000000000000000000000000000000000000000000000000000000000000000000000000000000000000000000000000000000000000000000000000000000000000000000011111111111111111
11111111111111100000000000000000000000000000000000000000000000000000000000000000000000000000000000000000000000000000000000000000000000000000000000000000000000000000000000000000000000111111111111111111111111111000000000000000000000000000000000000000000000000011111111111111111
11111111111111100000000000000000000000000000000000000000000000000000000000000000000000000000000000000000000000000000000000000000000000000000000000000000000000000000000000000000000001111111111111111111111111111100000000000000000000000000000000000000000000000011111111111111111